DateTime,Entries,UniqueIPs
1466263735,35,35
1466557037,69,69
1466615556,35,35
1466703384,66,66
1466776583,35,35
1466791240,68,68
1466864652,35,35
1466981789,69,69
1467040344,35,35
1467054983,66,66
1467128189,35,35
1467992422,69,69
1468080258,35,35
1468270581,67,67
1468358648,35,35
1468944255,69,69
1469017463,35,35
1469193144,70,70
1469266359,35,35
1470321150,70,70
1470394353,35,35
1471346673,70,70
1471434508,70,70
1471493058,35,35
1471522364,69,70
1471610187,68,69
1471668743,35,35
1471962048,69,69
1472005955,35,35
1472123359,70,70
1472182127,35,35
1472226022,70,70
1472299256,35,35
1472606658,70,70
1472665279,70,70
1472724078,35,35
1472914342,66,66
1472987552,35,35
1473075388,69,69
1473133945,35,35
1473273156,70,70
1473346348,35,35
1473888258,69,69
1473961473,35,35
1474020277,63,63
1474108097,70,70
1474166658,35,35
1474298422,69,69
1474371864,70,70
1474445067,35,35
1474635664,69,69
1474694176,35,35
1474884737,66,66
1474957963,35,35
1475595145,70,70
1475668341,35,35
1475931865,70,70
1476019697,35,35
1476371547,70,70
1476444986,35,35
1476635549,68,68
1476723377,35,35
1476972263,70,70
1477060108,69,69
1477118659,35,35
1477147942,70,70
1477221148,35,35
1477484901,70,70
1477558098,67,67
1478173703,35,35
1478510901,35,35
1478599002,35,35
1478694527,35,35
1479046121,35,35
1479295721,35,35
1479310357,55,55
1479486495,35,35
1480021721,35,35
1480080260,70,70
1480263407,35,35
1480336821,70,70
1480366102,35,35
1480542498,68,68
1480601181,35,35
1480644983,69,69
1480740253,35,35
1480872256,70,70
1480916200,35,35
1480945468,65,65
1481036885,35,35
1481067684,66,66
1481144074,35,35
1481671707,70,70
1481730261,105,105
1481744914,70,70
1481788893,35,35
1481803477,70,70
1481876653,35,35
1482170472,69,69
1482244109,35,35
1482331948,66,66
1482420494,66,66
1482479082,35,35
1482582056,67,67
1482655240,35,35
1482933695,70,70
1483007053,35,35
1483094906,68,68
1483168366,35,35
1484225055,69,69
1484298526,35,35
1484856099,69,69
1484929456,35,35
1485971785,69,69
1486045474,35,35
1486515145,70,70
1486559071,105,105
1486588360,70,70
1486632526,35,35
1486911168,70,70
1486984362,35,35
1486999008,67,67
1487072202,35,35
1487086836,70,70
1487160098,35,35
1487189578,69,69
1487204447,90,90
1487248580,123,123
1487263214,118,118
1487277866,104,104
1487292504,113,113
1487321816,115,115
1487351070,104,104
1487365708,109,109
1487380336,83,83
1487409642,57,57
1487424255,92,92
1487438923,103,103
1487453588,111,111
1487482815,110,110
1487497461,84,84
1487526748,70,70
1487556113,91,91
1487585568,92,92
1487600192,111,111
1487614827,105,105
1487629487,112,112
1487644121,96,96
1487673401,102,102
1487688021,99,99
1487717308,101,101
1487746591,81,81
1487761319,89,89
1487775868,92,92
1487790518,105,105
1487819798,114,114
1487849050,99,99
1487878348,88,88
1487907621,72,72
1487936906,78,78
1487966196,89,89
1487995725,80,80
1488024994,91,91
1488054275,94,94
1488068916,99,99
1488098223,84,84
1488127447,82,82
1488142126,74,74
1488156758,92,92
1488186109,61,61
1488229978,61,61
1488244635,79,79
1488273876,53,53
1488288500,81,81
1488317777,63,63
1488361709,32,32
1488405688,61,61
1488464414,32,32
1488493724,61,61
1488537637,67,67
1488581606,60,60
1488640138,59,59
1488669396,72,72
1488684035,82,82
1488713327,62,62
1488727950,43,43
1488757223,32,32
1488860205,57,57
1488918757,61,61
1488962669,32,32
1488977304,63,63
1489050758,32,32
1489065668,63,63
1489080276,82,82
1489109787,96,96
1489153702,46,46
1489227159,32,32
1489446974,52,53
1489520421,31,32
1489578980,62,63
1489593704,71,72
1489608277,80,81
1489652193,57,57
1489666845,46,46
1489681468,32,32
1489711020,56,56
1489725634,63,63
1489784183,40,40
1489798901,32,32
1489945481,61,61
1489974782,76,76
1490018923,52,52
1490033549,32,32
1490253631,64,64
1490341475,32,32
1490400108,64,64
1490488112,32,32
1490517624,63,63
1490576197,32,32
1491001292,63,63
1491103963,32,32
1491294518,32,32
1491794669,64,64
1491897148,32,32
1492131727,58,58
1492248774,32,32
1492526908,60,60
1492644075,64,64
1492688176,51,51
1492820452,32,32
1492923158,63,63
1493025630,32,32
1493098613,62,62
1493113296,32,32
1493127849,60,60
1493157411,72,72
1493172083,74,74
1493297573,32,32
1493341734,59,59
1493371031,90,90
1493385628,63,63
1493414952,83,83
1493429561,64,64
1493488145,62,62
1493532101,36,36
1493590844,32,32
1493833228,32,32
1493899314,63,63
1493914131,78,78
1493928766,48,48
1494031229,62,62
1494045883,32,32
1494192268,63,63
1494236184,92,92
1494309421,59,59
1494324119,60,61
1494338722,73,74
1494367938,93,94
1494514330,32,32
1494543725,58,58
1494617068,47,47
1494631719,54,54
1494676108,60,60
1494749334,58,58
1494793212,61,61
1494895706,32,32
1494910348,43,43
1494998181,32,32
1495086277,63,63
1495130331,64,64
1495174621,32,32
1495306614,64,64
1495453476,32,32
1495556189,64,64
1495614756,32,32
1495702585,60,60
1495805584,32,32
1495893898,54,54
1495923413,58,58
1495996571,32,32
1496011242,61,61
1496113961,63,63
1496172501,32,32
1496335044,64,64
1496409861,56,56
1496484092,32,32
1496499197,63,63
1496601624,62,62
1496630901,32,32
1496704131,62,62
1496748035,55,55
1496791952,32,32
1496806602,60,60
1496894503,32,32
1496982504,61,61
1497070338,32,32
1497348508,63,63
1497407055,61,61
1497451222,93,93
1497466380,90,90
1497510287,89,89
1497554193,88,88
1497583453,62,62
1497612784,32,32
1497818192,62,62
1497862366,32,32
1497950473,57,57
1498023645,32,32
1498199780,58,58
1498273033,50,50
1498346232,32,32
1498771731,32,32
1498830518,60,60
1498896769,32,32
1499087342,64,64
1499109390,32,32
1499424992,32,32
1499711312,64,64
1499757450,32,32
1499772584,62,62
1499847625,32,32
1499876911,62,62
1499935940,32,32
1500016845,55,55
1500060980,32,32
1500208130,62,62
1500295947,32,32
1500369374,63,63
1500398679,32,32
1500582978,60,60
1500597618,32,32
1500641540,62,62
1500729626,32,32
1500802811,51,51
1500817475,80,80
1500832120,62,62
1500876079,85,85
1500905336,60,60
1500920221,32,32
1501037553,32,32
1501338984,63,63
1501412929,32,32
1501559340,61,61
1501603267,32,32
1501691548,63,63
1501735702,32,32
1501764980,64,64
1501838446,61,61
1501853073,60,60
1501882368,74,74
1501926515,47,47
1501970693,63,63
1502029463,32,32
1502161737,63,63
1502220770,32,32
1502235391,63,63
1502279541,94,94
1502309106,64,64
1502338351,32,32
1502367928,63,63
1502455989,32,32
1502588948,32,32
1502706034,64,64
1502823667,32,32
1502970505,61,61
1503044218,32,32
1503059123,62,62
1503103260,87,87
1503147408,58,58
1503176912,32,32
1503345858,62,62
1503419304,32,32
1503610610,64,64
1503669149,62,62
1503698418,53,53
1503756989,62,62
1503859453,32,32
1503932670,64,64
1504035874,64,64
1504153239,32,32
1504623376,32,32
1504785388,64,64
1504888094,32,32
1505374598,32,32
1505624660,62,62
1505712995,32,32
1505830813,61,61
1505919378,32,32
1505992577,64,64
1506065770,32,32
1506080420,61,61
1506227294,32,32
1506344889,62,63
1506447860,31,32
1506624276,60,61
1506713550,32,32
1506890432,32,32
1506963857,60,60
1507037324,32,32
1507374517,63,63
1507433560,64,64
1507448190,33,33
1507462814,32,32
1507889076,62,62
1507948335,32,32
1508080578,31,32
1508226966,63,64
1508241647,80,81
1508285798,49,49
1508344571,32,32
1508505881,64,64
1508564421,32,32
1508756471,32,32
1508874036,32,32
1508947984,56,56
1509006756,60,60
1509036269,32,32
1509109707,64,64
1509168254,32,32
1509359554,64,64
1509403714,91,91
1509418355,59,59
1509447636,90,90
1509476902,63,63
1509491545,87,87
1509506200,60,60
1509521062,75,75
1509565213,47,47
1509594753,32,32
1509638656,56,56
1509712123,32,32
1509785781,64,64
1509800441,94,94
1509873864,64,64
1509991578,32,32
1510094659,61,61
1510182984,61,61
1510197611,32,32
1510344734,32,32
1510491876,32,32
1510565553,64,64
1510625545,32,32
1510728286,32,32
1510831254,64,64
1510919300,32,32
1510993239,62,62
1511007877,32,32
1511272594,63,63
1511406532,32,32
1511524593,32,32
1511686851,60,60
1511761210,32,32
1511791089,64,64
1511849546,32,32
1511879056,63,63
1511967381,32,32
1512040600,62,62
1512069856,32,32
1512216890,61,61
1512290674,32,32
1512467069,32,32
1512555887,64,64
1512646596,32,32
1512735306,64,64
1512779333,32,32
1513015266,32,32
1513074039,63,63
1513133083,32,32
1513338539,64,64
1513411984,32,32
1513573492,32,32
1513780604,64,64
1513839625,32,32
1514532281,63,63
1514561553,32,32
1515062923,63,63
1515077792,32,32
1515151959,64,64
1515255638,32,32
1515344444,62,62
1515388578,32,32
1515728685,32,32
1515846528,62,62
1515861184,80,80
1515949723,32,32
1516369484,64,64
1516398744,87,87
1516516094,32,32
1516677644,62,62
1516751328,32,32
1517017709,62,62
1517106040,32,32
1517326361,64,64
1517340971,76,76
1517385392,45,45
1517414683,62,62
1517473950,32,32
1517695251,63,63
1517710128,32,32
1517985160,64,64
